Sample	Herbarium	Barcode	Genus	Species	Collection_date	Collection_day	Collection_month	Collection_year	Country	Latitude_DD	Longitude_DD	Tissue_weight_mg	DNA_concentration_QUANTUS_ng_ul	gDNA_DIN	gDNA_peak_size	gDNA_concentration_Tapestation	gDNA_peak2_size	gDNA_concentration2_Tapestation	Library_Peak_size	LIB_concentration_tapestation_ng_ul	LIB_concentration_QUANTUS_ng_ul	Endogenous_fraction	NO_MERGED_READS	DUP_rate	MEDIAN_SIZE	Average_size_merged	Log_Mean	Lambda	Lambda_R_squared	Lambda_p_value	5P_DMG_POS1	5P_DMG_R_squared	5P_DMG_p_value		
HV0012	RBGK	K001451017	Hordeum	vulgare	01/08/1926	1	8	1926	UK	51.44	0.36	10.9	7.2	1	96	0.198	-	-	179	8.43	24	96.79	8979022	0.22	41	44	3.734300868	0.086805404	0.998032623	3.67E-202	0.008724391	0.812444674	3.43E-08		
HV0014	RBGK	K001451034	Hordeum	vulgare	10/06/1954	10	6	1954	UK	51.72	-2.48	12.8	30	1.1	138	0.243	-	-	183	5.88	24	94.83	8045507	0.26	43	46	3.782526295	0.07748524	0.997626394	1.68E-193	0.008391423	0.767045958	2.45E-07		
HV0004	RBGK	K001451024	Hordeum	vulgare	20/10/1935	20	10	1935	UK	51.53	-0.45	4.4	4.96	1.2	98	0.246	-	-	185	22.5	29	96.15	35133712	0.27	47	51	3.86586093	0.060407554	0.99607538	2.48E-170	0.008464725	0.785863052	9.19E-08		
HV0038	RBGK	K001453030	Hordeum	vulgare	09/08/1962	9	8	1962	Turkey	40.04	40.52	9.5	12	1.2	276	0.762	-	-	181	4.13	5.3	98.32	5531390	0.3	41	44	3.726655157	0.085043471	0.998036254	3.20E-202	0.009401061	0.793480536	1.01E-07		
HS0115	RBGK	K001451982	Hordeum	spontaneum	31/03/1950	31	3	1950	Iraq	33.67	45.41	5.1	8.3	2.3	-	-	-	-	179	1.73	2.44	92.73	7303684	0.3	40	61	3.716699354	0.084927476	0.999064671	5.39E-220	0.008481499	0.798810921	5.46E-08		
HS0156	RBGK	K001453877	Hordeum	spontaneum	10/06/1909	10	6	1909	Kyrgyzstan	41	75	7	9.4	1	192	1.45	-	-	178	9.1	9.1	97.7	9907067	0.29	42	45	3.749513529	0.089266026	0.997211142	2.17E-188	0.010463784	0.798562173	6.22E-08		
HS0044	RBGK	K001451926	Hordeum	spontaneum	20/04/1999	20	4	1999	Israel	32.74	35.19	7.7	35	-	-	-	-	-	187	14.4	13	96.6	9604778	0.35	52	59	3.98306161	0.03458123	0.998983941	2.02E-205	0.006544718	0.679010451	3.12E-06		
HS0091	RBGK	K001451961	Hordeum	spontaneum	25/03/1980	25	3	1980	Iraq	33.92	45.4	6.8	10	1.6	314	0.511	-	-	184	13.4	12	97.1	9700595	0.33	51	56	3.950162625	0.046393908	0.991295539	5.48E-142	0.009146439	0.762387161	2.07E-07		
HS0080	RBGK	K001451946	Hordeum	spontaneum	16/04/1940	16	4	1940	Syria	35	38	7	12	1.6	232	0.763	-	-	189	13.8	12	96.25	10458523	0.32	49	53	3.909279005	0.060185117	0.988012667	1.30E-130	0.008598203	0.810576398	2.85E-08		
HS0103	RBGK	K001451969	Hordeum	spontaneum	08/05/1932	8	5	1932	Iraq	33	44	4.9	4.99	1.1	166	0.174	-	-	187	12.9	11	93.32	10728713	0.32	48	52	3.882069023	0.069273446	0.988802921	1.50E-134	0.013759894	0.801362436	4.73E-08		
HS0007	RBGK	K001451888	Hordeum	spontaneum	14/05/1883	14	5	1883	Turkey	39.63	27.88	9.9	11	1.2	109	0.509	-	-	175	7.62	10	96.91	7418531	0.27	37	41	3.646788788	0.090539031	0.998683333	7.78E-221	0.010637148	0.854873542	3.66E-09		
HS0120	RBGK	K001452000	Hordeum	spontaneum	01/05/1867	1	5	1867	NA	NA	NA	12	4.71	-	60	1.67	-	-	174	13.4	11	96.4	10851321	0.26	36	38	3.58760956	0.12584685	0.998259019	1.29E-211	0.010464721	0.840001302	9.01E-09		
HS0154	RBGK	K001453879	Hordeum	spontaneum	07/05/1926	7	5	1926	Uzbekistan	41.3	69.3	8	8.1	-	138	1.58	-	-	179	12.2	12	97.49	8496381	0.28	42	45	3.755552356	0.088654463	0.996818934	3.22E-184	0.010154319	0.870655663	1.30E-09		
HS0011	RBGK	K001451900	Hordeum	spontaneum	01/08/1970	1	8	1970	Germany	51.82	11.27	13.7	17	NA	185	0.377	530	0.386	182	3.58	4.86	79.09	8565295	0.22	44	48	3.810909657	0.073920256	0.996890791	6.37E-180	0.012507006	0.784699373	9.74E-08		
HV0053	RBGK	K001453052	Hordeum	vulgare	13/04/1947	13	4	1947	Iraq	35.47	44.32	7.9	7.5	1.1	249	1.18	-	-	184	13.6	13	97.98	9678532	0.32	46	50	3.852166081	0.073487784	0.994936407	5.48E-158	0.007222685	0.763659671	2.12E-07		
HV0061	RBGK	K001453071	Hordeum	vulgare	23/04/1842	23	4	1842	Iran	29.93	52.87	6.5	6.6	1.5	227	0.323	-	-	185	16.1	15	95.68	10365776	0.31	48	53	3.897647834	0.059573338	0.990294821	8.97E-139	0.0220996	0.786031246	1.45E-07		
HV0026	RBGK	K001451045	Hordeum	vulgare	1906	NA	NA	1906	NA	NA	NA	11.5	4.27	-	155	0.196	-	-	180	18.7	16	96.16	9622538	0.29	44	48	3.798924241	0.072795903	0.993403868	4.25E-161	0.008658236	0.804084485	3.91E-08		
HV0065	RBGK	K001453087	Hordeum	vulgare	17/04/1990	17	4	1990	Kuwait	29.16	47.23	4.5	8.1	1.7	299	0.367	568	0.647	191	26.1	25	96.36	10680975	0.36	57	62	4.042185105	0.032192175	0.983290551	2.19E-117	0.00784477	0.723779617	8.04E-07		
HV0093	RBGK	K001453777	Hordeum	vulgare	16/03/1970	16	3	1970	Libya	31.38	12.44	5.7	12	1.5	299	-	561	1.14	190	15.1	15	97.6	10243781	0.36	53	58	3.978536536	0.046996311	0.982518449	4.13E-116	0.007629055	0.776825269	1.30E-07		
HV0081	RBGK	K001453098	Hordeum	vulgare	1867	NA	NA	1867	India	30.36	80.15	7.6	12	1.6	309	0.883	-	-	183	15.9	15	96.23	11013160	0.3	46	51	3.858421238	0.058222607	0.9917417	6.92E-152	0.009620204	0.755128552	3.02E-07		
HRG0843	RBGK	K000631585	Oryza	rufipogon	10/09/1930	10	9	1930	Thailand	12.67	100.99	11	9.9	1	92	0.314	518	0.043	184	14.1	32	92.13	1827082	0.02	42	45	3.75793341	0.085630215	0.997032822	6.78E-184	0.026838123	0.772039645	1.70E-07		
HRG0844	RBGK	K000631586	Oryza	rufipogon	28/12/1929	28	12	1929	Thailand	14.59	100.46	9.1	5.1	1	99	0.103	901	0.183	183	18.3	40	90.26	2103954	0.02	42	45	3.760086873	0.081512813	0.997132958	5.73E-185	0.018828634	0.808662421	3.32E-08		
HRG0848	RBGK	K000631590	Oryza	rufipogon	22/11/1927	22	11	1927	Thailand	13.08	100.89	14.1	21	-	105	0.324	-	-	182	16.5	39	90.72	2031972	0.02	42	45	3.763210189	0.091091867	0.994692782	1.03E-165	0.018832997	0.756080114	2.75E-07		
HRG0850	RBGK	K000682204	Oryza	rufipogon	25/11/1988	25	11	1988	Thailand	14.73	102.16	9.4	14	1.1	322	0.726	540	0.345	188	19.9	48	91.32	2072950	0.02	48	52	3.886297488	0.056075689	0.990366289	4.75E-145	0.014688113	0.768153176	1.65E-07		
HRG0851	RBGK	K000682205	Oryza	rufipogon	25/11/1988	25	11	1988	Thailand	14.73	102.16	9.1	6.4	1.2	199	0.165	-	-	189	19.8	53	91.48	2481536	0.02	46	49	3.844689405	0.066765096	0.995964357	1.75E-169	0.014440181	0.805564768	3.46E-08		
HRG0852	RBGK	K000682206	Oryza	rufipogon	25/11/1988	25	11	1988	Thailand	14.61	103.12	8.2	8.4	1	239	0.403	-	-	194	19.2	44	90.74	1825671	0.02	52	58	3.988571479	0.044195148	0.995138028	1.48E-154	0.01558102	0.748360313	3.30E-07		
HRG0853	RBGK	K000682207	Oryza	rufipogon	26/11/1988	26	11	1988	Thailand	14.88	103.49	11.5	14	1	203	0.284	-	-	191	19.4	48	87.61	2147584	0.01	47	51	3.878734653	0.063376901	0.995822898	1.13E-163	0.019280398	0.800805913	4.43E-08		
HRG0854	RBGK	K000682210	Oryza	rufipogon	23/01/1955	23	1	1955	Thailand	13.79	100.5	8.7	8	1.3	197	0.361	-	-	180	4.92	13	88.97	2082706	0.02	41	43	3.732680868	0.090552701	0.998464591	1.70E-204	0.024284521	0.791121294	1.03E-07		
HRG0855	RBGK	K000682212	Oryza	rufipogon	11/11/1961	11	11	1961	Thailand	13.87	99.15	6.4	6.2	1.6	271	0.191	-	-	180	5.73	14	91.9	2415065	0.02	40	42	3.709139766	0.082661137	0.998313641	4.08E-207	0.018395142	0.709205455	1.27E-06		
HRG0858	RBGK	K000682218	Oryza	rufipogon	06/11/1984	6	11	1984	Thailand	14.05	101.37	9.9	9.2	1.4	300	-	619	0.294	180	4.17	13	92.46	2468368	0.02	43	46	3.786943112	0.075605678	0.996974343	2.76E-183	0.015469483	0.692417189	2.02E-06		
HRB0114	NYBGUS	1758830	Oryza	latifolia	17/10/1960	17	10	1960	Mexico	21.15	-104.956	4.8	2.54	-	154	0.0906	-	-	183	15.6	21	95.64	9473499	0	46	49	3.844163948	0.063887593	0.994942865	6.36E-165	0.017874144	0.798677993	5.11E-08		
HRB0118	NYBGUS	NA	Oryza	latifolia	13/07/1971	13	7	1971	Panama	8.113	-77.701	6.2	3.73	1.4	225	0.0718	-	-	183	19.8	21	94.02	9298017	0	47	52	3.887382384	0.054913642	0.992019088	7.46E-151	0.015379242	0.750834467	3.06E-07		
HRB0119	NYBGUS	NA	Oryza	latifolia	07/06/1976	7	6	1976	Costa Rica	9.605	-82.795	8.1	5.7	1.4	255	0.417	-	-	181	15	15	94.69	9335280	0	47	52	3.881992466	0.062323167	0.993278718	1.27E-149	0.013658885	0.766518525	1.74E-07		
HRB0121	NYBGUS	1604484	Oryza	latifolia	11/08/1903	11	8	1903	Haiti	19.812	-72.431	4.3	1.57	-	49	0.137	-	-	183	24.6	22	95.02	9384661	0	44	48	3.815467248	0.069064879	0.995574336	2.15E-171	0.023128926	0.817807349	2.47E-08		
HRB0123	NYBGUS	651825	Oryza	latifolia	17/04/1912	17	4	1912	Brazil	-24	-47	5.4	1.95	1	119	0.08	-	-	182	23	20	81.46	8029606	0.01	44	49	3.812205898	0.063330341	0.997032856	6.78E-184	0.024783732	0.724405283	7.69E-07		
HRB0128	NYBGUS	2618212	Oryza	latifolia	31/03/1953	31	3	1953	Venezuela	2.94	-65.37	8.6	3.29	1	189	0.301	494	0.356	184	17.4	14	93.33	9173699	0	46	50	3.855823883	0.062462267	0.993753656	2.07E-158	0.015722529	0.755255094	2.64E-07		
HRB0133	NYBGUS	NA	Oryza	latifolia	15/01/1918	15	1	1918	Colombia	7	-74	14.6	2.43	1.5	145	0.0515	902	0.222	178	24.3	19	87.41	8338737	0	46	53	3.86307952	0.056567034	0.997179444	1.76E-185	0.034008395	0.781857816	1.77E-07		
HRB0134	NYBGUS	NA	Oryza	latifolia	20/12/1990	20	12	1990	Colombia	8.2	-76.6	7.9	5.2	1	209	0.397	-	-	175	10.1	11	95.03	9227395	0	45	50	3.818268674	0.071044275	0.995636528	1.79E-169	0.012638089	0.805857564	3.40E-08		
HRB0142	NYBGUS	NA	Oryza	latifolia	21/06/1963	21	6	1963	Trinidad	10.3	-61.07	7.4	3.56	1.7	-	-	-	-	181	15.4	17	94.41	9309685	0	47	51	3.875517089	0.051747941	0.994332045	1.17E-163	0.011589359	0.804334626	3.64E-08		
HRB0145	NYBGUS	NA	Oryza	latifolia	25/07/1988	25	7	1988	Peru	-3.69	-73.26	7.1	5.2	1.3	308	0.286	564	0.445	181	13.6	26	85.21	8373940	0.01	44	50	3.825680125	0.058853308	0.995936172	4.64E-174	0.018654411	0.722420745	8.99E-07		